
Stick

jscal -s 7,1,0,34000,34000,18000,18000,1,0,30000,30000,18000,16000,1,0,127,127,4200000,4200000,1,0,127,127,4200000,4200000,1,0,1792,2302,300000,300000,1,0,0,0,1410065407,1410065407,1,0,0,0,1410065407,1410065407 /dev/input/js1

Throttle
jscal -s 8,1,0,511,511,1200000,1100000,1,0,511,511,1200000,1100000,1,0,112,142,5534751,5534751,1,0,112,142,5534751,5534751,1,0,112,142,5534751,5534751,1,0,112,142,5534751,5534751,1,0,112,142,5534751,5534751,1,0,112,142,5534751,5534751 /dev/input/js0




# Joymap original

jscal -s 16,1,0,0,0,16384,16384,1,0,0,0,16384,16384,1,0,0,0,16384,16384,1,0,0,0,16384,16384,1,0,0,0,16384,16384,1,0,0,0,16384,16384,1,0,0,0,16384,16384,1,0,0,0,16384,16384,1,0,0,0,16384,16384,1,0,0,0,16384,16384,1,0,0,0,16384,16384,1,0,0,0,16384,16384,1,0,0,0,16384,16384,1,0,0,0,16384,16384,1,0,0,0,16384,16384,1,0,0,0,16384,16384 /dev/input/js2

jscal -s 16,1,0,34000,34000,18000,18000,1,0,30000,30000,18000,16000,1,0,127,127,4200000,4200000,1,0,127,127,4200000,4200000,1,0,1792,2302,300000,300000,1,0,0,0,1410065407,1410065407,1,0,0,0,1410065407,1410065407,1,0,0,0,16384,16384,1,0,0,0,16384,16384,1,0,0,0,16384,16384,1,0,0,0,16384,16384,1,0,0,0,16384,16384,1,0,0,0,16384,16384,1,0,0,0,16384,16384,1,0,0,0,16384,16384,1,0,0,0,16384,16384 /dev/input/js2



# Joymap stick
jscal -s 7,1,0,34000,34000,18000,18000,1,0,30000,30000,18000,16000,1,0,0,0,1410065407,1410065407,1,0,127,127,4200000,4200000,1,0,127,127,4200000,4200000,1,0,1792,2302,300000,300000,1,0,0,0,1410065407,1410065407 /dev/input/js2

# Joymap throttle (same as only throttle)
jscal -s 8,1,0,511,511,1200000,1100000,1,0,511,511,1200000,1100000,1,0,112,142,5534751,5534751,1,0,112,142,5534751,5534751,1,0,112,142,5534751,5534751,1,0,112,142,5534751,5534751,1,0,112,142,5534751,5534751,1,0,112,142,5534751,5534751 /dev/input/js0





# Joymap stick + throttle (this is it!)
jscal -s 16,1,0,34000,34000,18000,18000,1,0,30000,30000,18000,16000,1,0,0,0,1410065407,1410065407,1,0,127,127,4200000,4200000,1,0,127,127,4200000,4200000,1,0,1792,2302,300000,300000,1,0,0,0,1410065407,1410065407,1,0,0,0,16384,16384,1,0,0,0,16384,16384,1,0,0,0,16384,16384,1,0,0,0,16384,16384,1,0,0,0,16384,16384,1,0,0,0,16384,16384,1,0,0,0,16384,16384,1,0,0,0,16384,16384,1,0,0,0,16384,16384 /dev/input/js2






sudo evdev-joystick --e /dev/input/by-id/Joymap_21-event-joystick --min 0 --max 65535 --axis 0
sudo evdev-joystick --e /dev/input/by-id/Joymap_21-event-joystick --min 0 --max 65535 --axis 1
sudo evdev-joystick --e /dev/input/by-id/Joymap_21-event-joystick --min 0 --max 4095 --axis 2
sudo evdev-joystick --e /dev/input/by-id/Joymap_21-event-joystick --min 0 --max 1023 --axis 3





























jscal -s 16,1,0,34000,34000,18000,18000,1,0,30000,30000,18000,16000,1,0,0,0,0,0,1,0,127,127,4200000,4200000,1,0,127,127,4200000,4200000,1,0,1792,2302,300000,300000,1,0,0,0,1410065407,1410065407,1,0,0,0,1410065407,1410065407,1,0,0,0,16384,16384,1,0,0,0,16384,16384,1,0,0,0,16384,16384,1,0,0,0,16384,16384,1,0,0,0,16384,16384,1,0,0,0,16384,16384,1,0,0,0,16384,16384,1,0,0,0,16384,16384,1,0,0,0,16384,16384 /dev/input/js2

jscal -s 16,1,0,34000,34000,18000,18000,1,0,30000,30000,18000,16000,1,0,0,0,0,0,1,0,127,127,4200000,4200000,1,0,127,127,4200000,4200000,1,0,1792,2302,300000,300000,1,0,0,0,1410065407,1410065407,1,0,0,0,1410065407,1410065407,1,0,0,0,16384,16384,1,0,0,0,16384,16384,1,0,0,0,16384,16384,1,0,0,0,16384,16384,1,0,0,0,16384,16384,1,0,0,0,16384,16384,1,0,0,0,16384,16384,1,0,0,0,16384,16384,1,0,0,0,16384,16384,0 /dev/input/js2





button vendor=0x0738 product=0xA221 src=18 target=joybtn button=35
button vendor=0x0738 product=0xA221 src=19 target=joybtn button=36
button vendor=0x0738 product=0xA221 src=20 target=joybtn button=37
button vendor=0x0738 product=0xA221 src=21 target=joybtn button=38
button vendor=0x0738 product=0xA221 src=22 target=joybtn button=39
button vendor=0x0738 product=0xA221 src=23 target=joybtn button=40
button vendor=0x0738 product=0xA221 src=24 target=joybtn button=41
button vendor=0x0738 product=0xA221 src=25 target=joybtn button=42
button vendor=0x0738 product=0xA221 src=26 target=joybtn button=43
button vendor=0x0738 product=0xA221 src=27 target=joybtn button=44
button vendor=0x0738 product=0xA221 src=28 target=joybtn button=45
button vendor=0x0738 product=0xA221 src=29 target=joybtn button=46
button vendor=0x0738 product=0xA221 src=30 target=joybtn button=47
button vendor=0x0738 product=0xA221 src=31 target=joybtn button=48
button vendor=0x0738 product=0xA221 src=32 target=joybtn button=49
button vendor=0x0738 product=0xA221 src=33 target=joybtn button=50
button vendor=0x0738 product=0xA221 src=34 target=joybtn button=51
button vendor=0x0738 product=0xA221 src=35 target=joybtn button=52
